MAE  = 1632.280151
RMSE = 2634.451366
MAPE = 1036960137216.0000%
