MAE  = 180.180771
RMSE = 309.281880
MAPE = 363680858112.0000%
